# robot base coordinate, unit meter
# [x, y]
xy1: [0.31175, -0.56285] #Point 1
xy2: [0.3178, -0.23668]
xy3: [-0.4570, -0.4830]
xy4: [-0.4815, -0.2386]
# camera base coordinate
# [col, row]s
uv1: [917, 447] #Point 1
uv2: [911, 207]
uv3: [310, 380]
uv4: [304, 190]


